eye 0 0 52
look 0 0 5
up 0 1 0
d 4
bounds -1 -1 1 1
res 4000 4000
ambient 0.0 0.0 0.0 

light 0 0 25 1 0.5 0.5 0.9
light 0 0 -25 1 0.5 0.5 0.9
light 0 25 0 1 0.5 0.5 0.9
light 0 -25 0 1 0.5 0.5 0.9
light 25 0 0 1 0.5 0.5 0.9
light -25 0 0 1 0.5 0.5 0.9

sphere 4 0 2 1.0 1.0 1.0 1.0
sphere 3.67 1.53 4 1 1.0 1.0 1.0
sphere 2.828 2.828 6 1.0 1.0 1.0 1.0
sphere 1.53 3.67 8 1 1.0 1.0 1.0

sphere 0 4 10 1.0 1.0 1.0 1.0
sphere -1.53 3.67 12 1 1.0 1.0 1.0
sphere -2.828 2.828 14 1.0 1.0 1.0 1.0
sphere -3.67 1.53 16 1 1.0 1.0 1.0

sphere -4 0 18 1.0 1.0 1.0 1.0
sphere -3.67 -1.53 20 1 1.0 1.0 1.0
sphere -2.828 -2.828 22 1.0 1.0 1.0 1.0
sphere -1.53 -3.67 24 1 1.0 1.0 1.0

sphere 0 -4 26 1.0 1.0 1.0 1.0
sphere 1.53 -3.67 28 1 1.0 1.0 1.0
sphere 2.828 -2.828 30 1.0 1.0 1.0 1.0
sphere 3.67 -1.53 32 1 1.0 1.0 1.0

####################

sphere -4 0 2 1.0 1.0 1.0 1.0
sphere -3.67 -1.53 4 1 1.0 1.0 1.0
sphere -2.828 -2.828 6 1.0 1.0 1.0 1.0
sphere -1.53 -3.67 8 1 1.0 1.0 1.0

sphere 0 -4 10 1.0 1.0 1.0 1.0
sphere 1.53 -3.67 12 1 1.0 1.0 1.0
sphere 2.828 -2.828 14 1.0 1.0 1.0 1.0
sphere 3.67 -1.53 16 1 1.0 1.0 1.0

sphere 4 0 18 1.0 1.0 1.0 1.0
sphere 3.67 1.53 20 1 1.0 1.0 1.0
sphere 2.828 2.828 22 1.0 1.0 1.0 1.0
sphere 1.53 3.67 24 1 1.0 1.0 1.0

sphere 0 4 26 1.0 1.0 1.0 1.0
sphere -1.53 3.67 28 1 1.0 1.0 1.0
sphere -2.828 2.828 30 1.0 1.0 1.0 1.0
sphere -3.67 1.53 32 1 1.0 1.0 1.0

sphere 0 0 -10 10 0 0 0